1.012896625723561
1.9992981087348083
3.0026753882173614
3.9977506114301518
5.0019799555374895
5.975635050095585
6.971434447888383
7.977340727951177
9.000416646034262
9.990791651418817
10.996564168010579
11.995137966745448
12.986228047405827
13.989737549079083
14.98383320809099
15.994363597871626
16.997731602131044
17.997464318038187
18.992476971448276
19.98383224596874
20.979860696278937
21.958102320586896
22.935413130015075
23.95547935382246
24.957021248483706
25.94756057892238
26.94278252473677
27.948015896775836
28.94689075102748
29.937662904819113
30.947360192237852
31.958875638088553
32.96075051603488
33.963736248137195
34.961911713082515
35.97150157625855
36.97444750467728
37.9700323453178
38.972137020198126
39.971054144967965
40.977494270832516
41.98825044063651
42.99609790240467
44.008109771992395
45.018243555936394
46.03555453394766
47.028188535045636
48.01996845630003
49.03112750349928
50.03559680650723
51.04131039629497
52.03713350651625
53.03527442756419
54.027751448148784
55.01705151123854
56.01212471524544
57.00495420849536
57.997844587701714
58.97724113892189
59.978501293670625
60.99128089167421
61.98431912539702
62.98314317087141
63.97378185361401
64.95933519775798
65.9495098013282
66.94269763119068
67.92041490792238
68.92527553994503
69.91880638570997
70.91217290209937
71.89932678624089
72.90771771130092
73.91018971329925
74.9118193555424
75.9114760474551
76.89388058034764
77.88834618737562
78.8836732451305
79.88085180670905
80.8715561891843
81.860856526004
82.84727135325963
83.86352999791848
84.86855565950893
85.87752754947435
86.88067487170882
87.88935425565302
88.88874225966964
89.89948972540574
90.9002569479025
91.90300588038065
92.90463474900352
93.89984828516576
94.89547909834481
95.89393957813824
96.88843867523913
97.89698170507984
98.87641278673074
99.88641792781914
100.88326663933563
101.86457501668941
102.85709839461886
103.86173866842697
104.85013332254883
105.84748698726895
106.85855653176509
107.86698216765701
108.8666520653656
109.87252211520884
110.86797046784933
111.86097415792025
112.86494437895658
113.86148990588113
114.86494543766514
115.86278706530102
116.85451050866058
117.82872695402466
118.83054168838859
119.83157216554422
120.9859518253599
121.97456086530765
122.97659392359985
123.9687685535366
124.9724989485072
125.99165350580634
126.98105612948308
127.97788458474473
128.96572381197697
129.961532660134
130.95326422275573
131.9699213404788
132.9882284213627
133.97452490725445
134.97601815626453
135.95655770449582
136.961555630345
137.95209100200088
138.9699124371775
139.9671545071584
140.96274508528353
141.94765339960068
142.95389676827622
143.96414267087792
144.9553341236238
145.97614368952105
146.9876267205574
147.98611179151396
148.9905069184654
149.98092801504822
150.98054332236015
151.97346545086162
152.95430310602717
153.95600134319932
154.94637065099752
155.95311505264442
156.94502142960857
157.9505345102422
158.93517970992508
159.92197583397828
160.93941149449978
161.94379025283297
162.93636921370745
163.94690025851406
164.94713150447225
165.94637779967064
166.95234520673563
167.95271460095648
168.96463924893388
169.98294654955401
170.989750266039
171.98726266264333
172.9811682212365
173.9765336333664
174.95581958399055
175.95447517788617
176.9481019129508
177.95244052069546
178.96405996569274
179.97491647415438
181.00287583318305
182.00529094189815
182.99773698535282
184.00266787075378
185.01235409294696
186.0173003146279
187.00222391963896
188.00483648368618
189.01071485398234
190.00256858066285
191.00709506532385
191.98820893554978
192.9836930752959
193.97437303895396
194.97006569135374
195.97606662962752
196.97289837355612
197.97167500682184
198.97996141270596
199.97806080456462
200.98348119287385
201.97549654787005
202.97013758385015
203.98029301076434
204.9778918718458
205.97856271276473
206.98468016866192
207.98202094100938
208.97764600747854
209.98692185873253
210.99098325447733
211.9881737351264
212.97561625252618
213.9843807787307
214.96915951749233
215.9763477350347
216.96218343384126
217.95685832971458
218.96208687263444
219.9643783407177
220.9538953728218
221.9457758971475
222.93727615441088
223.92882950781666
224.93269812591285
225.93726853990765
226.93680422033336
227.94005676528485
228.9345290061637
229.93058618534758
230.92831717495633
231.91111627237845
232.91928685597117
233.92783795261985
234.94637256103906
235.93699256665985
236.95187910526386
237.95076078630564
238.95032682241114
239.95470287509377
241.0124087009565
242.00232729358314
243.00624769542523
244.00912662232574
245.00721164742063
246.00989650296202
247.00960257452851
248.01537248984724
249.02623148526897
250.0167185825769
251.0061600731556
252.01250943294704
253.00012164423737
254.0061285720359
255.0092750848106
256.010208409348
257.0110279948516
257.99807095170803
259.00940112970756
260.0170716399896
261.0162940953187
262.0178355102086
263.0329305034816
264.03129942149087
265.0163628952249
266.00364479801914
267.0022059333143
268.00888670095327
269.0146116824045
270.0192570582764
271.026601099692
272.04512445926315
273.0572128562088
274.0781100937017
275.05484858322376
276.05396582171954
277.0481824790462
278.04486336674097
279.0577670334288
280.054963582565
281.06259718057584
282.0607788315932
283.0486631152938
284.06761555994314
285.06357289162764
286.05546471803297
287.048100713984
288.0542541554151
289.0394121967164
290.0464595616602
291.0412883743803
292.0176720894568
293.024499378625
294.0091722549006
295.01659462392956
295.9971391363948
296.9867414059145
297.9944559208664
298.99995970184494
299.99466430052826
300.9957352429802
301.99416989475304
302.99296313543886
303.98469293930725
304.9874871833206
305.98091738125237
306.9974826072981
307.99158948329483
308.989421551268
309.99837251153815
311.0018213874666
311.9988673364111
312.98346874205447
313.98736940677713
314.9854744282304
316.00323174890826
317.01122073063885
318.0060496555994
318.99885772806937
320.00247681232247
320.99925736926434
321.9861309755137
323.0082343042021
323.98626551351
324.98633802772775
325.98729094252076
326.9760186335899
327.97684009256335
328.97323971532086
329.9666087534128
330.96982910234027
331.9547781600598
332.9674453835447
333.9598587979331
334.96146714498974
335.9561210822121
336.96889032277613
337.94774402329745
338.9477713206261
339.95854985062743
340.94693014857336
341.95737025765436
342.9488176504611
343.9590406551234
344.95435776525454
345.9558151892463
346.974539617869
347.9810910957369
348.97245121013594
349.99303087671615
350.98706531883164
351.9893356149198
352.982894819427
353.9760277971346
354.97958546735777
355.9811156825924
356.96373676727256
357.9775794798959
358.9795797644121
359.9797897478179
361.0036250260368
362.02548516339186
363.02513972877324
364.03096628166355
365.0313907379941
366.0254525815457
367.0176022753104
368.0341163605558
369.03192505126214
370.0326197071345
371.03493325844784
372.0283102716774
373.0107669095334
374.0113195033782
375.0077084902079
376.01162931505365
376.9968898092618
377.98277995849793
378.9903424696819
380.00000106944435
380.99311048616215
382.0021410507813
382.9741540674905
383.9541832607973
384.96103623145723
385.9663181277033
386.95760987203414
387.9685679928615
388.9743842617556
389.97376390491206
390.9612630740857
391.96291417202457
392.97144333647
393.967689206617
394.97517932838656
395.9668864948115
396.9819433018245
397.96830267402953
398.97677754438786
399.9720394009133
400.96264868766775
401.9475250882678
402.9641867465398
403.9555215822651
404.9572689326813
405.95212089043486
406.96865827279106
407.94731718916177
408.95509848596595
409.95325108170675
410.9607767217884
411.95276295989567
412.9675098777294
413.9738800255643
414.9893559461356
415.9787806745856
416.9736027321118
417.98293103882486
418.9900649672589
419.9740431358663
421.0177613845752
422.0219009035202
423.0156390378624
424.03095705126333
425.03471415545255
426.03212594447467
427.04237142169274
428.04600889151817
429.0390216489771
430.0430932157903
431.0362185676725
432.02886533028493
433.0365684751835
434.050627497609
435.05050390531613
436.0513118942175
437.04612755828543
438.0659570308337
439.06874290339766
440.0510542699888
441.0468721283223
442.0539672858555
443.06509133543796
444.06131595244096
445.0513929834845
446.05251082034886
447.053708788693
448.044510645406
449.04850368545334
450.03299226988196
451.02777241344063
452.0177495468218
452.99518640031624
454.0033078874262
455.00806341587895
455.9921998325755
457.0006617753238
458.0056947476545
459.0149009786051
460.01101267534636
461.0251889433857
462.0423001213571
463.02865143404233
464.0159819689859
465.0092774807988
466.00869328457907
467.0044909523485
467.99816075980175
469.0038050319681
470.00198151933466
470.9983589600838
472.00280432816294
472.9960127930145
473.97754976778083
474.98611616609674
475.9876739323832
476.97715758255316
477.97062588854203
478.9732585707434
479.95781000200975
481.00234549168147
482.0139215045516
483.021281715524
484.01040138470285
485.0045002470948
485.99940139810855
487.00630469071564
487.99374594758444
489.0062401323362
489.9865339013366
490.96228152128737
491.9762118016533
492.9711236532759
493.96827169184076
494.9765346736149
495.9820255707174
496.98487323611334
497.9673470283311
498.96578659456605
499.94902685107144
500.94409585489973
501.95719464247964
502.95618658704666
503.95088102873467
504.95946860609433
505.98175943576064
506.99097994159723
507.99408798787124
508.9984277726373
509.9793025390926
510.981903884858
511.9823734488312
512.9817989802854
513.987287349893
514.9872333319116
515.9834811573495
516.9731253617158
517.9699682732478
518.9552077821666
519.9729624317296
520.9631927082578
521.9696397271447
522.9622155976224
523.9690998297411
524.960784731222
525.9649998574768
526.9562470311286
527.9509323748722
528.9623706063925
529.9565944256909
530.9521090278976
531.9578161370559
532.9694294366136
533.9791113630255
534.975788747846
535.9778208144935
536.9817588620219
537.980707529158
538.9971560266646
539.9918057848726
541.0080220615835
542.0135309141549
543.0233601441107
544.0296729825642
545.043330833916
546.020386507675
547.0143372496645
548.0372352240032
549.0262186431456
550.022995917755
551.0195393045747
552.0176062914826
553.0071183045393
554.0245094622048
555.0125274110146
556.0295876751742
557.0235429257142
558.0030790565235
558.9999348678637
559.9944781924981
560.986477107407
561.9879836864326
562.9876552231541
563.9922043613608
564.9916374033496
565.9987359220113
567.002642882825
567.9876514057394
568.9851822809062
569.9830543859656
570.9831722050965
571.9941561132598
572.9932587839007
573.9821248143542
574.9967855594635
576.0164186307002
576.9965248962108
578.0101534278385
579.0082271839559
579.9973471998492
580.9970637345241
581.9937062744375
582.9944768284731
583.9891691001405
585.0107482756945
585.997954685916
586.993331579462
587.983770460645
588.9806384306702
589.9690274373374
590.9605416732538
591.9451377502251
592.9376683638565
593.940695248974
594.9496501969633
595.9563595632649
596.9417692779875
597.9316908786819
598.9421786407971
599.9470239240125
